0.001006
0.000972
0.001103
0.000980
0.000965
0.000978


0.001076
0.001039
0.001072
0.001047
0.001037
0.001056


0.000566
0.000492
0.000520
0.000493
0.000523
0.000483


0.000733
0.000759
0.000736
0.000810
0.000792
0.000784


0.001183
0.001161
0.001150
0.001138
0.001229
0.001184


0.018388
0.018972
0.020515
0.022607
0.019490
0.021443


0.006395
0.005343
0.005368
0.004803
0.004994
0.006312





0.069608
0.071158
0.069332
0.069312
0.069801
0.069358


0.070583
0.070116
0.069481
0.069262
0.069300
0.069321


0.017780
0.017756
0.021259
0.021403
0.018518
0.020897


0.022884
0.018690
0.024118
0.023151
0.023252
0.023109


0.005867
0.005730
0.005880
0.005843
0.006094
0.005994


0.023606
0.029273
0.027847
0.030359
0.027534
0.026657


0.025574
0.021677
0.015966
0.016627
0.014519
0.017706





